DIM_1:  1.13621 
DIM_4:  1.232332 
Problem 1 ----
(a) ----
bootstrap_variance_1:  0.01807565 
bootstrap_variance_4:  0.06331622 
bootstrap_se_1:  0.1344457 
bootstrap_se_4:  0.2516271 
ci_90_lb_1_vanilla:  0.9150667 
ci_90_ub_1_vanilla:  1.357354 
ci_90_lb_4_vanilla:  0.8184423 
ci_90_ub_4_vanilla:  1.646222 
(b) ----
bootstrap_variance_1_b:  0.01818944 
bootstrap_variance_4_b:  0.06292363 
bootstrap_se_1_b:  0.1348682 
bootstrap_se_4_b:  0.2508458 
ci_90_lb_1_bayesian:  0.9143717 
ci_90_ub_1_bayesian:  1.358049 
ci_90_lb_4_bayesian:  0.8197275 
ci_90_ub_4_bayesian:  1.644937 
(c) ----
Neyman_se_1:  0.1341387 
Neyman_se_4:  0.248813 
5th percentile of DIM_1_boot_vector_pivot:  -1.605139 
95th percentile of DIM_1_boot_vector_pivot:  1.70873 
5th percentile of DIM_4_boot_vector_pivot:  -1.607725 
95th percentile of DIM_4_boot_vector_pivot:  1.692683 
ci_90_lb_1:  0.9070034 
ci_90_ub_1:  1.351522 
ci_90_lb_4:  0.8111706 
ci_90_ub_4:  1.632355 
(d) ----
bootstrap_variance_1_s:  0.01921527 
bootstrap_variance_4_s:  0.06488517 
bootstrap_se_1_s:  0.1386192 
bootstrap_se_4_s:  0.2547257 
ci_90_lb_1_subsampling:  0.908202 
ci_90_ub_1_subsampling:  1.364218 
ci_90_lb_4_subsampling:  0.8133457 
ci_90_ub_4_subsampling:  1.651319 
(e) ----
ATE_1:  1.136216 
ATE_4:  1.232352 
p_hs (proportion with hs diploma):  0.5231593 
parametric_bootstrap_variance_ATE_1:  0.02803797 
parametric_bootstrap_variance_ATE_4:  0.0766827 
parametric_bootstrap_se_ATE_1:  0.1674454 
parametric_bootstrap_se_ATE_4:  0.2769164 
ci_90_lb_ATE_1:  0.8607925 
ci_90_ub_ATE_1:  1.411639 
ci_90_lb_ATE_4:  0.7768647 
ci_90_ub_ATE_4:  1.687839 
ci_95_lb_ATE_1:  0.8080287 
ci_95_ub_ATE_1:  1.464403 
ci_95_lb_ATE_4:  0.6896054 
ci_95_ub_ATE_4:  1.775098 
Creating comparison plots...

=== Bootstrap Method Comparison Summary ===
1-Year Earnings - Confidence Interval Widths:
Vanilla Bootstrap: 0.4423
Bayesian Bootstrap: 0.4437
Pivotal Bootstrap: 0.4445
Subsampling Bootstrap: 0.4560
OLS Parametric Bootstrap: 0.5508

4-Year Earnings - Confidence Interval Widths:
Vanilla Bootstrap: 0.8278
Bayesian Bootstrap: 0.8252
Pivotal Bootstrap: 0.8212
Subsampling Bootstrap: 0.8380
OLS Parametric Bootstrap: 0.9110

Plots saved to output directory.
